	baseMean	log2FoldChange	lfcSE	stat	pvalue	padj	sig
vOUT2321	44.2034824190171	25.4479642376261	2.39423287820688	10.6288592347311	2.18772022261102e-26	7.38136803108957e-23	up
vOUT2264	59.5819929957444	25.8648221048735	2.606064203801	9.92485989683182	3.24558207555499e-23	5.47529696146126e-20	up
vOUT118	84.4711709270203	-27.3490082707056	2.91029207447909	-9.39734142512165	5.59591060029543e-21	6.29353412179893e-18	down
vOUT1252	6.13798415499001	-23.7675850334724	2.54549212031051	-9.33712771838131	9.89828322561165e-21	8.34920190080343e-18	down
vOUT1373	60.52861095088	-26.890054205772	2.91035722677846	-9.23943423795342	2.47804007215774e-20	1.67218144069204e-17	down
vOUT2608	55.0764916753216	-26.7612860776849	2.91037993792056	-9.19511769889591	3.74584293004305e-20	2.10641234099421e-17	down
vOUT1198	31.0970941095012	-25.903247042807	2.91057438467233	-8.89970281440623	5.59964176705713e-19	2.69902733172154e-16	down
vOUT2912	15.7745566173688	23.9546705474677	2.7247837017945	8.79140260993617	1.4770423092365e-18	6.22942593920493e-16	up
vOUT1108	21.5319235175377	-25.479562518029	2.91077225667163	-8.75354039108644	2.0676183948398e-18	7.75127162687722e-16	down
vOUT1798	14.1675378566623	23.8623381907585	2.73272937779722	8.73205315705035	2.5009062747259e-18	8.43805777092517e-16	up
vOUT3170	8.44145989212137	23.1386967898212	2.65717550484371	8.70800470185057	3.09270484537071e-18	9.48616922570979e-16	up
vOUT2064	37.1179204184835	25.2129192396031	2.9103170973043	8.66328939308939	4.58342904822496e-18	1.28870746739259e-15	up
vOUT24	11.8255935298778	-24.3969945801219	2.91129748420502	-8.38011048767278	5.28780419404539e-17	1.37238856543917e-14	down
vOUT922	16.1160583557294	24.0461463927061	2.91056479930588	8.26167704578871	1.43639899349383e-16	3.46172157432014e-14	up
vOUT1393	8.11736667435147	23.0770746271334	2.9109949250136	7.92755577443186	2.23501146016944e-15	5.02728577774112e-13	up
vOUT2136	1051.45840050045	7.76352383735715	0.996433805750946	7.79130915927355	6.63184227084386e-15	1.3984897388642e-12	up
vOUT2138	497.519948897853	5.82135160412229	0.760277312937941	7.6568792795182	1.90505552428657e-14	3.78097490526053e-12	up
vOUT1833	993.739522241679	6.165619866017	0.842597408018059	7.31739714286524	2.52826785254338e-13	4.73909763026743e-11	up
vOUT2319	76.6824121285216	5.59347746309001	0.7887264638474	7.09178367846958	1.32394353132649e-12	2.35104498668188e-10	up
vOUT1627	87.0965425201256	12.2568416680209	1.77664776636126	6.89885856954303	5.24220283618867e-12	8.42247255680979e-10	up
vOUT2035	478.075073027166	9.48471437165681	1.37395614196691	6.90321479845697	5.08386677768443e-12	8.42247255680979e-10	up
vOUT50	92.0456081328471	5.78645234805898	0.891574505282312	6.49015008143008	8.57509084386877e-11	1.31510711396424e-08	up
vOUT567	2959.29412856319	-7.15718142908961	1.10940537028698	-6.45136721056091	1.10845550228372e-10	1.62605602813272e-08	down
vOUT2727	138.447714047251	5.38896022776796	0.841579181855788	6.40339060655544	1.51963748833944e-10	2.13635703569053e-08	up
vOUT390	13.7054163857453	-4.58143124632222	0.71922401823983	-6.36996419771192	1.89072330733161e-10	2.55172017557474e-08	down
vOUT3049	637.26014617215	13.8464747236582	2.20121276502018	6.2903845296987	3.16680537191656e-10	4.1095389710948e-08	up
vOUT3348	709.02355148403	4.67666670349446	0.744565525018362	6.28106801396576	3.36254985990574e-10	4.20194193604517e-08	up
vOUT2525	967.277782704572	5.50110411438727	0.889631539528034	6.18357586254834	6.26655970989934e-10	7.38670347844113e-08	up
vOUT446	359.192571194656	-3.71321809205729	0.600697194431235	-6.18151395824834	6.34897453689368e-10	7.38670347844113e-08	down
vOUT2432	220.314492548135	10.397588369046	1.69990012219812	6.11658781199513	9.56002176310944e-10	1.07518378095771e-07	up
vOUT1786	112.039913187155	4.27342013736856	0.714499260140583	5.98100008742869	2.21771755350328e-09	2.4137351695226e-07	up
vOUT2858	138.319555679421	7.69606457433402	1.28879701370225	5.97151024754938	2.35067293213068e-09	2.47849077281529e-07	up
vOUT743	560.053023421481	-3.98521742295	0.668917086378946	-5.95771509518946	2.55788934743905e-09	2.61524807826042e-07	down
vOUT1339	26783.0603440279	-5.47705936822947	0.925864987097138	-5.91561344748729	3.30640914409413e-09	3.28112483887458e-07	down
vOUT3242	34300.4757579745	3.0833120518343	0.525894733403469	5.8629833234492	4.54623897779807e-09	4.26083619752519e-07	up
vOUT456	11147.5885658722	-3.27160336822071	0.557973612892643	-5.86336574459155	4.53577609451903e-09	4.26083619752519e-07	down
vOUT2884	128.23230082143	7.17590207260379	1.2382804215962	5.7950541310778	6.82991480509709e-09	6.22814393308043e-07	up
vOUT477	112.398937897792	-3.89291303218052	0.677500475258392	-5.74599306472191	9.13830521753206e-09	8.11385310630347e-07	down
vOUT3248	410.505197736234	4.29322460530206	0.779846739205912	5.50521581929507	3.68716288673003e-08	3.18986861021208e-06	up
vOUT2786	161.758922146009	6.72894378279131	1.22606942741875	5.48822410241303	4.0599478033164e-08	3.42456597209738e-06	up
vOUT2141	120.199113105303	7.07292672719414	1.29221865399106	5.47347517801974	4.41294720164443e-08	3.63153264837763e-06	up
vOUT3233	610.399137312914	13.6722140222806	2.51440526946613	5.43755383760534	5.40170311663251e-08	4.33936817036145e-06	up
vOUT1942	1584.89647496796	3.89656308954795	0.722352628268936	5.39426720005959	6.88037673809535e-08	5.39869560798458e-06	up
vOUT1885	21.2562694358282	7.04444738786519	1.31609128047459	5.35255228294265	8.67222344667998e-08	6.65001861570415e-06	up
vOUT837	1030.34032987614	-2.71510849657324	0.509880616443368	-5.32498865226976	1.00959342119595e-07	7.56970711803366e-06	down
vOUT608	341.39812949516	-4.48253905654374	0.855552334883184	-5.23935108792121	1.61142214134596e-07	1.18194310976114e-05	down
vOUT1759	328.308911638461	8.38833594339607	1.60266856340453	5.23398045917668	1.6589799895845e-07	1.19093584784215e-05	up
vOUT65	329.090010369745	-3.47264921077893	0.664633791578317	-5.22490618861309	1.74243427072787e-07	1.2247860894658e-05	down
vOUT3275	18.6345998324652	6.84024695955222	1.31329857581859	5.20844770983525	1.90426998629662e-07	1.31122590484996e-05	up
vOUT3200	573.79322023922	7.49471867727432	1.4455912457601	5.18453518534803	2.1655426167782e-07	1.43265505666856e-05	up
vOUT2721	370.630008865085	4.71484530049967	0.909013403420981	5.18677203521513	2.13970383378851e-07	1.43265505666856e-05	up
vOUT1809	43.6587284074784	8.93862301599667	1.74111011151139	5.13386428399833	2.83852816874858e-07	1.84176808487648e-05	up
vOUT507	46.0726734726835	-3.42965804226296	0.66930382884607	-5.1242169765799	2.98776766814484e-07	1.90202417213598e-05	down
vOUT1754	271.043336114739	3.52345000405829	0.6891310237365	5.11288838072327	3.17269786125702e-07	1.98234862664467e-05	up
vOUT293	297.512959734117	6.73290504411358	1.32350058532745	5.08719461007854	3.63398886661912e-07	2.22928698835871e-05	up
vOUT2593	473.090954276416	4.16730869788525	0.824028619783839	5.05723781654384	4.25372646712533e-07	2.56287019644301e-05	up
vOUT2549	433.411595268145	4.1468381740445	0.828695588634726	5.00405484343945	5.61367746139013e-07	3.32290311486497e-05	up
vOUT3236	117.423956303809	3.06025626755856	0.612960212467521	4.99258549790573	5.95763263997779e-07	3.46569871160087e-05	up
vOUT1099	5549.476269417	-2.71644032800086	0.545048323079465	-4.98385228057076	6.23306723293731e-07	3.56446929558144e-05	down
vOUT1923	1864.95771812711	2.80724290040105	0.564341270218839	4.97437109164896	6.54598065305466e-07	3.68102312056774e-05	up
vOUT3031	28.9569704868874	7.50216648508708	1.5135393413975	4.95670398508446	7.16990862780707e-07	3.96578224757722e-05	up
vOUT2353	170.559937921879	7.31647637895332	1.47914050981785	4.94643769837276	7.5583903289859e-07	4.02490052716007e-05	up
vOUT1607	1600.42329335119	1.95131768817452	0.394360366894261	4.94805728968633	7.49578491108563e-07	4.02490052716007e-05	up
vOUT741	1384.72391391864	-3.04608806336141	0.616058096049193	-4.94448183198323	7.63466608589936e-07	4.02490052716007e-05	down
vOUT1787	53.8872803929697	7.55707265718515	1.53942324768798	4.90902853944482	9.15286589691441e-07	4.75104146710603e-05	up
vOUT344	278.420771829138	-5.18614492144148	1.05754805927126	-4.90393308935308	9.39364989814428e-07	4.80214769035436e-05	down
vOUT2848	624.294639106726	5.37094035527287	1.10174312783118	4.87494790718211	1.08837171724315e-06	5.44344583225607e-05	up
vOUT1383	324.206303747179	-11.0645518673245	2.27040860704003	-4.87337470137129	1.0970785909704e-06	5.44344583225607e-05	down
vOUT97	159.937729652757	-3.7379930210993	0.769333832472082	-4.85873994269574	1.18135180577611e-06	5.77663911983853e-05	down
vOUT722	150.370502179674	-3.32694487839702	0.689771144701566	-4.82325899532438	1.41231390015012e-06	6.8073529987236e-05	down
vOUT1852	512.242348982594	7.68261064114715	1.59537671339384	4.81554643279452	1.4679762253109e-06	6.97598842844927e-05	up
vOUT1741	426.83314108894	6.43008556122131	1.34373440631365	4.78523548329864	1.70786976272185e-06	8.00326747142156e-05	up
vOUT1634	20.0214433834825	7.7335209653786	1.6173023035133	4.78174114300022	1.73783370453051e-06	8.03212454669308e-05	up
vOUT3234	286.107854656481	3.67588939615825	0.771894915904227	4.7621629841313	1.91528891481356e-06	8.73268216024451e-05	up
vOUT1796	34.8219938031049	7.65395420027371	1.61459074563634	4.74049180633521	2.13200074633052e-06	9.59116069082556e-05	up
vOUT2797	62.1269619238343	-7.73891587107577	1.63474825586997	-4.73401078318163	2.20126023859376e-06	9.77243690133597e-05	down
vOUT910	825.577907158949	-2.79617920520902	0.591585564324763	-4.72658457851416	2.2832771255521e-06	0.000100049052228738	down
vOUT1135	396.685772480111	-6.02793784131534	1.27910408809509	-4.7126249516507	2.44546035447687e-06	0.000105781836359038	down
vOUT2806	237.06117375847	5.22749642436424	1.11373221906722	4.69367441730508	2.68340994657131e-06	0.000114605381768754	up
vOUT689	3765.2089046564	-2.83444838057327	0.604474759119808	-4.68910957456782	2.74396434328265e-06	0.000115726696177946	down
vOUT695	1670.42869845286	-7.23089668083114	1.55262020906389	-4.65722179746121	3.20505095155597e-06	0.000133504221117899	down
vOUT3101	119.528256301117	4.35463077670383	0.939841017434423	4.63336957626206	3.59761445110004e-06	0.000148028672658677	up
vOUT715	160.415015010329	-3.06978032470107	0.663161359233569	-4.62900963989953	3.674186665098e-06	0.000149357901301695	down
vOUT894	4269.63433433457	-2.29542984543815	0.496659858805445	-4.62173418032828	3.80545433406357e-06	0.000152852415751553	down
vOUT1726	8.03621684864832	4.7987103685473	1.04216941259698	4.60453963678456	4.13379282378027e-06	0.000164087258675702	up
vOUT3357	565.090759237643	5.83620995391716	1.26972055060948	4.59645230686052	4.29745283830204e-06	0.000168600068330594	up
vOUT2908	25.8735413397878	4.18574763243579	0.911571891214669	4.59179102907428	4.39458281727942e-06	0.00017042899339656	up
vOUT2362	58.0103324392121	10.3676304009373	2.26899319234279	4.56926465708454	4.89438414609889e-06	0.000187655137601564	up
vOUT266	5035.75302582827	-3.7280120916208	0.816337694932004	-4.56675235599811	4.95338622463572e-06	0.00018778342833619	down
vOUT2571	1681.06788768504	2.40357083604378	0.528877231706512	4.54466687531291	5.50222021267687e-06	0.000204005395577712	up
vOUT569	1019.90794255522	-6.77014532713469	1.48943043068486	-4.54545924915856	5.48156022993153e-06	0.000204005395577712	down
vOUT1600	44.4504482700812	11.7308250384493	2.60019530413203	4.51151689252248	6.43656561313653e-06	0.000233515832029276	up
vOUT1922	4328.69055436315	2.90505925638791	0.643862731684702	4.51192329269728	6.4242422945345e-06	0.000233515832029276	up
vOUT1659	2261.55479656999	2.62991510590736	0.583427779007648	4.50769606887862	6.5535361024467e-06	0.000235230114996332	up
vOUT2117	27.2305148340288	4.18635424167986	0.932045827736062	4.49157553963683	7.06982163978839e-06	0.000251090296975221	up
vOUT1148	14253.0686737691	-2.33883240856166	0.524318967962266	-4.46070531770268	8.16903532467548e-06	0.000285525057524018	down
vOUT102	73.7399509672936	-3.35672753818686	0.752685359283072	-4.45966896630502	8.20863384108765e-06	0.000285525057524018	down
vOUT677	112.727259977984	-3.08197785434679	0.693626642995435	-4.44328066903144	8.85974685411469e-06	0.000303861054424459	down
vOUT794	1022.70603919691	-4.93253393108721	1.11045043770145	-4.44192173159676	8.91589934440469e-06	0.000303861054424459	down
vOUT2422	265.881900285132	6.20616236975543	1.39889036192497	4.43648947671304	9.14378028900469e-06	0.000308511146951018	up
vOUT3008	115.926897365328	6.35392158761684	1.43490140783058	4.42812415748013	9.50561814733945e-06	0.000317544115139835	up
vOUT2955	189.741135098128	5.88581655759657	1.33136568527709	4.42088647971395	9.82968067957376e-06	0.00032256517351404	up
vOUT398	6908.72046972594	3.07042127095213	0.694586356656531	4.42050328447559	9.84712888913636e-06	0.00032256517351404	up
vOUT827	1971.92519242916	-4.38094965751078	0.991905337669602	-4.41670136366384	1.00218539274285e-05	0.000325132068760998	down
vOUT1928	531.293987046085	9.47719754837303	2.14735512945995	4.41342813694561	1.01746501795569e-05	0.000326945425769762	up
vOUT2193	5270.87989844316	-2.15697326891403	0.491404758559166	-4.38940248612656	1.13662531415926e-05	0.000361789982072956	down
vOUT2042	526.08763545978	9.3467472882196	2.14969292073395	4.34794532654851	1.37418847747842e-05	0.000433318871309552	up
vOUT1385	1336.82460527542	-2.86244894732694	0.658853184721989	-4.3445930196646	1.39534108865287e-05	0.000435914891955071	down
vOUT918	426.642560745698	-2.88730688608057	0.665811397781486	-4.33652366976775	1.44753845621119e-05	0.000448072912959317	down
vOUT2425	14.7713427111407	9.02432277731784	2.09636482987585	4.30474822354861	1.67175753835701e-05	0.000512773630401504	up
vOUT2020	9104.47140367409	3.70869519319299	0.863621049495806	4.29435479294788	1.75202105366267e-05	0.000532551264419627	up
vOUT2814	330.307853981626	3.48259628514881	0.811507890270804	4.2915125372184	1.77460181466102e-05	0.000534598796666634	up
vOUT1581	302.29575015545	11.2416870073136	2.63010702571291	4.27423176981419	1.91797445597243e-05	0.000572676620747874	up
vOUT2868	44.0968338549032	3.95091769306849	0.924803281348823	4.27217092840121	1.93579098518788e-05	0.000572926209124905	up
vOUT2790	98.96068274876	3.38881252014857	0.793976529733843	4.26815200857961	1.97099004571559e-05	0.000578271340369078	up
vOUT2183	69.7014954227959	3.91050052691277	0.917653462997553	4.2614131418836	2.0313830450598e-05	0.000586728649116647	up
vOUT126	54.6859283373033	-7.57387349708594	1.7774622758055	-4.26106005183916	2.03459549338019e-05	0.000586728649116647	down
vOUT2619	167.945368714617	5.10817747163475	1.20210320507806	4.24936681813694	2.14375620772961e-05	0.000612440554420618	up
vOUT1448	10467.3187091889	1.81368788941175	0.42698425829459	4.24766921538458	2.16006004671172e-05	0.000612440554420618	up
vOUT481	11.9271645189359	-3.93064360019096	0.930947299570022	-4.22219775706574	2.41931697715101e-05	0.000680231290075625	down
vOUT471	880.704096760779	-2.33635774197755	0.555297548205075	-4.20739790681503	2.58328046819799e-05	0.000720329611545457	down
vOUT3299	198.634399649572	5.87649170975698	1.40473363352467	4.18334947602277	2.87245304089977e-05	0.000794398078688183	up
vOUT2337	1313.59063974168	3.05699627281912	0.736588937794634	4.15020660230365	3.32175309518412e-05	0.000903838301867033	up
vOUT1835	3742.78193553761	2.43770249139113	0.587164506041378	4.1516516518104	3.30084423926843e-05	0.000903838301867033	up
vOUT762	247.515073410226	4.37899910336433	1.05899521634392	4.13505088198829	3.54875998584662e-05	0.000950972073041033	up
vOUT3135	1333.2436679976	1.82491823480306	0.441346956949314	4.13488346541978	3.55134799060967e-05	0.000950972073041033	up
vOUT1736	1093.19159362782	3.61702841396585	0.875723885566218	4.1303297461473	3.62243279887166e-05	0.000962369154597872	up
vOUT2154	6906.40978370394	1.94727668891963	0.472955810484283	4.11724868529623	3.83422273682169e-05	0.00101067714953409	up
vOUT579	12545.3024320755	-1.85596680419303	0.452086482009094	-4.10533576661046	4.03728033586731e-05	0.00105595223668343	down
vOUT2466	15633.1705666443	1.4287321113423	0.348564933725676	4.09889800465908	4.15121907509735e-05	0.00107740101225988	up
vOUT590	740.014952194216	-7.17876467815499	1.75842970807914	-4.0824860073576	4.45564955463698e-05	0.00114758485475917	down
vOUT2541	127.987615562778	4.57782018061374	1.12552298527616	4.06728271256985	4.75645247040337e-05	0.00121577807841977	up
vOUT3196	704.791189332759	2.95614582047059	0.727186448964508	4.06518276664816	4.7994836178666e-05	0.00121755321253247	up
vOUT3182	19.8292622089236	7.49197252015923	1.8458753797429	4.05876398936678	4.93331417534936e-05	0.00124216433042006	up
vOUT2662	31.0548958797756	-5.89941630807501	1.46111357922224	-4.03761650837254	5.39970290830561e-05	0.00134952574908319	down
vOUT3193	8416.49386316142	3.47288402558436	0.861458152563027	4.03140189137658	5.54451406878724e-05	0.00137552871088883	up
vOUT474	119.389784350784	-2.47390843545253	0.614663493196593	-4.02481758366164	5.70194971601785e-05	0.00140426119283535	down
vOUT2268	55.2184697515426	6.41279784196931	1.59861721134072	4.01146553188368	6.03429880445456e-05	0.00146472835728271	up
vOUT279	801.08242154756	-4.24480278637694	1.05789555920149	-4.01249702719327	6.00798358668595e-05	0.00146472835728271	down
vOUT2224	526.839447798701	3.10793940957963	0.775830322988947	4.00595248405097	6.17680662186905e-05	0.00147805287533235	up
vOUT1478	87.8490150614304	-3.37589786346404	0.84255886084885	-4.00672050385054	6.15676465005316e-05	0.00147805287533235	down
vOUT2126	4663.28886512637	2.89641033816089	0.723498394677403	4.0033403798392	6.24543444055975e-05	0.00148395040862314	up
vOUT2045	2478.97700001302	2.0748605121184	0.518741203702806	3.99979893115857	6.33963234908824e-05	0.00148541107957109	up
vOUT499	17.5154982371124	-3.39844735575942	0.849388510024225	-4.00105171620757	6.3061572175707e-05	0.00148541107957109	down
vOUT221	18.61055569182	-8.00434429542987	2.00312265759811	-3.99593318215853	6.44399088092297e-05	0.00149945001601614	down
vOUT1701	1204.05126952346	1.81133248114846	0.453706222432814	3.99230248912154	6.54348288023755e-05	0.00151217200259736	up
vOUT2317	447.446507273023	2.54347353155358	0.641614798839096	3.96417529046339	7.36501208174875e-05	0.00169044563019186	up
vOUT2270	74.4630873401664	3.09744086490253	0.783159899952237	3.95505549389267	7.6516888821885e-05	0.00173401313494685	up
vOUT179	268.361413544135	-3.64349935614505	0.921268969524509	-3.95487037626542	7.65761580044695e-05	0.00173401313494685	down
vOUT1588	609.070259223145	8.68721201659134	2.22605955727801	3.90250655612014	9.52016587298838e-05	0.00214140264369752	up
vOUT840	215.154715919744	-4.02168039463236	1.0317692933321	-3.89784850220184	9.70510973446796e-05	0.00216854571152946	down
vOUT2087	12.6263646264844	3.89886981730779	1.00162319083204	3.89255146345908	9.91954484230979e-05	0.00218748655542178	up
vOUT2008	866.397313860309	2.17837393434763	0.559445363594139	3.89380996984717	9.86819650214672e-05	0.00218748655542178	up
vOUT1404	388.948315897379	3.32197190201325	0.854256444481176	3.88872910877578	0.000100770516124662	0.00220779039873123	up
vOUT1616	49.8280659886037	6.92448250287318	1.78694110372951	3.87504797355725	0.000106603695595634	0.00232052173509464	up
vOUT61	64.7578447084005	-5.92938191189234	1.53114935777992	-3.8725039342273	0.000107722936552163	0.00232985376876282	down
vOUT2584	21.2649822794676	5.92674435745157	1.53147530966353	3.86995749788073	0.000108854328794636	0.00233932805957389	up
vOUT1617	22.2071082465402	6.0776778643891	1.57919131978611	3.84860136212772	0.00011879414141751	0.00252082662353886	up
vOUT1049	220.00076666717	-2.00141423782506	0.519895903446292	-3.84964417791727	0.000118289538748057	0.00252082662353886	down
vOUT734	2987.64335831213	2.34651404381263	0.610789490466624	3.84177213334165	0.000122149208966372	0.00257582144407838	up
vOUT2588	181.841818049164	8.5736054090244	2.23557274687887	3.83508227186711	0.000125522271207327	0.00263051020530137	up
vOUT1705	327.836619346021	6.62007551854695	1.73275312248213	3.82055321825872	0.000133152669141957	0.00275617856248444	up
vOUT1525	428.207049361093	-1.92410132630761	0.503575887582336	-3.82087660222415	0.000132978178146628	0.00275617856248444	down
vOUT1326	293.501052225405	-2.80514384566558	0.734868976551856	-3.81720270575014	0.000134973274677435	0.00277682822415651	down
vOUT3363	98.8426184296654	7.77139793512424	2.05092465128422	3.78921669806741	0.000151123046305774	0.0030902373226405	up
vOUT1216	60145.3167183962	-1.94878729735419	0.516499036421312	-3.77307053824694	0.000161250673622027	0.00325784295090251	down
vOUT573	8119.12316212062	-3.11524458872346	0.825605317629487	-3.77328551815543	0.000161111729436367	0.00325784295090251	down
vOUT1821	16.9208304310137	8.60448375501294	2.28429585005362	3.76679918882266	0.000165353896328659	0.00332085741793391	up
vOUT2022	317.197857270535	2.43909234484158	0.64983247546803	3.75341712967619	0.000174440218396133	0.00346845831624298	up
vOUT2285	349.271590076397	2.35750563931186	0.628172467864224	3.75295919499201	0.000174759310539806	0.00346845831624298	up
vOUT1785	96.103809237472	-6.50218936900908	1.74710632024207	-3.72169071433968	0.000197893319744886	0.00390463193461547	down
vOUT2921	5924.05321150969	3.10828943898198	0.836396205684434	3.71628830673428	0.000202170879716817	0.00396584039630546	up
vOUT2949	1341.57693714975	-4.78217513928146	1.28752319502902	-3.71424387362099	0.000203812174841762	0.0039749264619428	down
vOUT1684	34.8315500888799	7.12703239693541	1.92444441174765	3.70342336387006	0.000212709459457095	0.00412460756441516	up
vOUT3266	3247.71332790359	2.53041329569792	0.684251072067179	3.69807721024584	0.000217238816767254	0.00418836438727265	up
vOUT3014	209.871307259745	10.5585217838885	2.85806206896989	3.69429408077691	0.000220498496284334	0.0042031747257816	up
vOUT692	2443.54421880526	3.1645665370257	0.856393992725384	3.69522271747236	0.000219694124034981	0.0042031747257816	up
vOUT1841	5300.52766589747	-3.8093837151087	1.03310699999987	-3.68730800885986	0.000226638969795103	0.00429595440499258	down
vOUT508	6.64656411730176	-3.56030001261412	0.967310986469679	-3.68061570933654	0.000232671445174189	0.00438566176546209	down
vOUT867	36.5715688901214	1.6135248242454	0.439716270034618	3.66946809613928	0.000243055667788228	0.00455594346176379	up
vOUT707	386.582320918533	-3.45508670797823	0.94428391001236	-3.65894904206618	0.000253251686114612	0.00472083529807017	down
vOUT3111	1219.39136005323	2.31454859544729	0.633289418831355	3.6548038331644	0.000257378696760684	0.0047714050707173	up
vOUT725	6920.98441208305	2.51545813521833	0.691050950672009	3.64004728272523	0.000272587980861651	0.00502574780014869	up
vOUT2520	11.7459003203324	3.93539669396754	1.08251165813406	3.63543123475551	0.000277516015480625	0.00508879910995451	up
vOUT1598	3473.64381518814	1.25415333355038	0.345693052559704	3.62793907561616	0.00028569265236361	0.0051824032745958	up
vOUT1475	32.8665211467496	-3.79350158476187	1.04543837722116	-3.62862285087068	0.000284937150629091	0.0051824032745958	down
vOUT1234	22666.4896441461	-2.18242314126813	0.603399081637176	-3.61688177473963	0.000298173408591551	0.00535126106695688	down
vOUT616	58.1125755877299	-8.43436444975649	2.33118052575506	-3.61806576392218	0.000296812985434223	0.00535126106695688	down
vOUT325	7345.49816098389	-3.2164339273723	0.89055858266995	-3.61170392376573	0.000304191746354382	0.00543038599047453	down
vOUT2390	4134.50068448894	1.71513477531713	0.475084355846089	3.61016891887043	0.000305997662023432	0.0054338742719319	up
vOUT90	91.1610940154462	-3.90119911904321	1.08262933083869	-3.60344857461143	0.000314022899327818	0.00554718985514167	down
vOUT1633	17.2086298538071	7.60858078717326	2.11312055163362	3.6006373518497	0.000317438080864519	0.00557831294185879	up
vOUT1711	181.763158387282	4.45115895169477	1.23841574875888	3.59423639125686	0.000325344352812126	0.00568762614708867	up
vOUT855	4307.62543768166	-1.99724539458105	0.557210485410171	-3.58436434144064	0.000337900133008309	0.00587667550912388	down
vOUT3161	6913.51209223173	1.35103268068171	0.37739857618622	3.57985632678981	0.000343783172613403	0.00592668788256579	up
vOUT1000	45.2427460797003	-3.2886330293253	0.918748039443747	-3.57947216008906	0.000344288922638677	0.00592668788256579	down
vOUT2478	26.6396720236395	2.28046892437825	0.638044021464993	3.57415608901426	0.000351359291727604	0.00600683239947649	up
vOUT1681	3523.98168306139	2.18129952941897	0.610443332696028	3.57330388028852	0.000352505280111543	0.00600683239947649	up
vOUT2512	188.525200539083	4.41773615282987	1.23910669037905	3.56525889750338	0.000363497188589365	0.00613219757150259	up
vOUT1867	49.9422055575553	-5.66731706977693	1.58956306568338	-3.56533011626089	0.000363398491278528	0.00613219757150259	down
vOUT1195	449.577582800718	3.18452942177089	0.897040039633134	3.55004156009945	0.000385170339661733	0.00638822623245184	up
vOUT1920	15411.1061860339	2.13580688122793	0.601753296031772	3.54930649372822	0.000386247229229453	0.00638822623245184	up
vOUT818	78541.6061303432	-2.52637691095842	0.71166444153132	-3.54995523665944	0.000385296659967153	0.00638822623245184	down
vOUT190	608.814490108916	-2.63916136334062	0.743520382636146	-3.54954810247903	0.000385892956666769	0.00638822623245184	down
vOUT3173	14.5781655391613	4.08163640122197	1.15253882509277	3.54143072003969	0.000397963352780541	0.00648772544094768	up
vOUT2895	179.397011445543	2.88410077504226	0.814346048181646	3.54161573139843	0.000397684359475446	0.00648772544094768	up
vOUT320	48.2410001914587	-4.97970451324877	1.40614589718662	-3.5413853734609	0.000398031762381793	0.00648772544094768	down
vOUT2044	4589.69160546117	2.23708275873315	0.634733518782278	3.52444402656559	0.000424372462642403	0.00685087410983478	up
vOUT395	56.2998068970373	-2.34787591153945	0.66608246258573	-3.52490276117615	0.000423638267678229	0.00685087410983478	down
vOUT1910	22.913122505202	3.83758119548031	1.08940298279391	3.52264612461255	0.000427261435185247	0.00686466705864296	up
vOUT2991	593.82678691616	2.90366952164256	0.824752728016972	3.5206546435125	0.000430482892147662	0.00687705620358788	up
vOUT731	21167.5007605752	-1.12967077149797	0.320960686427823	-3.51965464702486	0.000432109044208841	0.00687705620358788	down
vOUT13	5776.52660397439	-2.44460199079706	0.69601595046265	-3.51227869012499	0.000444281851067985	0.00703759138733982	down
vOUT2275	437.460454539986	2.71728925391343	0.774810833724866	3.50703569908825	0.000453128353906758	0.0071008503995291	up
vOUT1235	15824.9929441815	-2.01436004676426	0.574120095428739	-3.50860397119523	0.000450465124280788	0.0071008503995291	down
vOUT632	12635.8081461398	-2.25269486540969	0.642492799725294	-3.50617916087597	0.000454589118642053	0.0071008503995291	down
vOUT756	129.105075231405	-2.61874633760488	0.747248674419514	-3.50451787638059	0.000457434855973177	0.00711237421222811	down
vOUT3396	39.5162185731623	7.81663341421701	2.23253038172738	3.50124391506334	0.000463091791610261	0.00716730139859183	up
vOUT2443	16.6578399385233	6.91921870783389	1.977114244002	3.49965548466651	0.000465859825872294	0.0071772194177768	up
vOUT3206	2287.50259653742	1.47524022756774	0.421870143720015	3.49690597812682	0.00047068769349322	0.00721863762657329	up
vOUT1101	2430.66106635187	-1.73161236058409	0.495919913074265	-3.4917177450077	0.000479925107768571	0.00732700141905502	down
vOUT313	404.534289688208	-5.19770150027611	1.49409642136914	-3.47882601546768	0.000503615440469004	0.00765404727992081	down
vOUT3091	5055.78810801603	2.14402002326387	0.616646032361378	3.47690556777538	0.000507236435038551	0.00767451000816176	up
vOUT2280	135.404931248839	2.91328646315524	0.83836464995459	3.47496338653238	0.000510923081094877	0.00769577890899159	up
vOUT903	3340.69750566397	-2.31789787638342	0.667803684750299	-3.47092705433351	0.000518664876236096	0.00777766796631372	down
vOUT2577	158.222402508771	4.63135126933362	1.33890791238542	3.45905138545512	0.00054208147520541	0.00809284467850908	up
vOUT2085	49.3196947167946	7.10798601341698	2.05590214368079	3.4573561953154	0.000545503298109609	0.00810805342652785	up
vOUT642	1399.32358452832	-1.83039567440824	0.530515892520546	-3.45021836332142	0.000560133279290718	0.00828898984353895	down
vOUT168	634.261907727008	-2.58654501886438	0.750407466137537	-3.44685405674031	0.000567154871067425	0.00835624687764843	down
vOUT1293	24096.9019851276	-1.260297952219	0.365818370318646	-3.4451467025049	0.000570749536350476	0.00837264754628916	down
vOUT177	4454.40158126792	-2.03617614587017	0.591392939282491	-3.44301734197329	0.000575262423907401	0.00840231782798083	down
vOUT974	287.745013685089	4.06226619525048	1.18192079472957	3.43700374286075	0.000588187475445305	0.00851735855001056	up
vOUT3325	2205.49210328175	1.83664442350584	0.534365851298416	3.43705425607402	0.000588077790216555	0.00851735855001056	up
vOUT2444	213.854267626725	2.20896546345265	0.643064532805975	3.43506032561608	0.000592421933901762	0.00854201540591685	up
vOUT2097	22071.0281995241	2.0047338211466	0.5850957423492	3.42633465951651	0.000611786100155926	0.00874646738104277	up
vOUT421	3747.11128508931	-2.41133936448729	0.703705633156677	-3.42663075421255	0.000611119459324288	0.00874646738104277	down
vOUT598	182.313621152962	-2.16154386273687	0.631701207088643	-3.42178206797942	0.000622121573454673	0.00885670121871759	down
vOUT1047	91.8383711962221	-3.39291654501489	0.991964430668771	-3.42040141774784	0.000625287940823771	0.0088643761022664	down
vOUT457	948.665141755137	-2.59020089710118	0.760518614106696	-3.40583497767984	0.000659620371730815	0.00931196290468524	down
vOUT1344	2469.42988850272	-1.83243923570818	0.538221746283133	-3.404617610423	0.000662567620352399	0.00931459646278747	down
vOUT2730	13934.8057901219	1.80249544918519	0.530635646753584	3.39686084079125	0.000681636215239969	0.00954290701335957	up
vOUT2641	134.534511252037	7.19171139243655	2.12110031039652	3.39055694687637	0.000697507616658949	0.00963651819615424	up
vOUT1749	17.0208685918952	2.85898027412427	0.843437081706646	3.38967818244283	0.000699747171919914	0.00963651819615424	up
vOUT1690	570.859575923753	2.20733372181571	0.651182470077765	3.38973148578786	0.000699611136732386	0.00963651819615424	up
vOUT2976	19.4307450920622	-3.0789152552909	0.907632143678954	-3.39225012769046	0.00069321126976153	0.00963651819615424	down
vOUT1239	16513.8390022139	-1.75820157749634	0.518996214610128	-3.38769634151783	0.000704822499826848	0.00966695574965766	down
vOUT2587	83.5977816983805	4.43118070673618	1.310340149524	3.38170261236815	0.000720380859350722	0.0098403442082969	up
vOUT1350	344.563744469734	2.52596495474565	0.747483086433275	3.37929379352068	0.000726723016278059	0.00988694942307328	up
vOUT2306	2197.88324901714	1.76876554983784	0.523787889493663	3.37687370272664	0.000733147052531636	0.00993428978008731	up
